36937 121831145
49216 318100362
87160 2550963336
66892 544904531
2336 904309
73630 103728682
80407 26497757
44083 32899907
71693 714589073
92626 2902238598
7972 338379
47631 1070863918
53781 798643350
23690 229118482
76021 152945249
36786 439662932
2656 998672
86405 697685232
35850 128414553
58273 1321859665
30924 283420777
80723 2785246954
35072 348590399
78382 1384721256
24865 112349412
29500 380875232
10830 28608079
51261 818417284
3814 4566674
12746 39227118
44030 26761035
42654 834418780
2686 2328896
82071 739846614
69104 1812848370
76787 2473364970
29048 394595490
19748 40658740
6901 4093042
17531 87618931
9572 9212938
80835 2665803973
80948 2267858891
73177 690813425
72831 1751598618
27959 41252134
82363 3217286621
13916 39589505
59901 1664558098
18798 49979211
7801 15579835
55610 1030941954
81728 1204455569
52974 325902593
63084 1892636953
71820 1026425258
71300 1854361385
75285 2735357381
27639 216294468
8205 6833211
26926 240583169
38798 186160998
8894 9224770
70042 2247502114
65144 224565783
68309 2314386131
40654 682988806
19042 125120233
35076 570165234
2045 300724
6573 2876588
13972 5802254
31814 379921548
58372 409558516
81 2106
3162 3767874
50548 199544958
77421 1554938347
1071 300485
20330 122224164
87041 532764803
12424 66952124
2609 230940
14627 39129477
3528 5481279
77456 1619166331
46909 232916640
73053 2247263036
29229 71561784
20393 41626502
29253 200548928
77822 1072884235
84607 1102858376
86573 2450813525
35246 70358995
19170 56471892
72056 10230992
42916 38922124
40693 129794988
59477 1562561031
