148 9230
777 77205
895 62596
164 5091
999 155676
921 33328
429 73268
8 11
768 119237
316 44086
931 278622
659 116666
607 116103
149 6673
327 3838
277 29115
78 2514
254 999
641 19227
781 216353
489 17463
18 140
143 2230
255 14103
133 3961
723 95820
170 7838
108 4175
373 64840
340 43647
656 19458
279 1019
946 254719
327 38911
542 29341
820 82045
698 103802
480 33076
949 299305
51 853
130 7282
689 176291
590 93066
837 244429
784 131027
709 12491
72 403
703 145291
141 7523
421 13461
412 44963
759 134370
497 23492
223 11825
465 72346
226 435
718 90224
527 41487
277 3607
387 71013
53 431
580 68425
310 26739
946 383923
393 17873
854 133948
463 92164
726 116823
352 4937
485 109374
221 15505
838 244599
206 1877
62 710
51 1241
530 35254
268 29783
381 54939
98 1584
236 15437
213 1182
145 1387
354 10162
640 13662
553 93126
204 6777
277 10182
510 111068
507 46656
486 103352
262 20800
585 143089
10 32
226 1603
802 241791
946 243821
695 155987
34 100
569 116329
329 31786
